              precision    recall  f1-score   support

           1       0.00      0.00      0.00         1
           4       0.00      0.00      0.00         1
           5       0.00      0.00      0.00         2
           7       0.00      0.00      0.00         1
          11       0.99      0.99      0.99      4888
          12       0.99      0.99      0.99      4701
          13       0.00      0.00      0.00         8

    accuracy                           0.99      9602
   macro avg       0.28      0.28      0.28      9602
weighted avg       0.99      0.99      0.99      9602
